$N$,$\eta/s(A)$,$\eta/s(B)$,$\eta/s(C)$,$\eta/s(D)$
14.812959021119052,0.12918531538588415,3.621011740199842,0.588235959661444,0.16684396668161447
11.816547689781338,0.029470121284093237,3.55771999317692,4.814573860886547,0.2693395149093352
9.741302043537846,0.04632962969214879,1.5081222332210067,5.899506085344944,0.32672644099733805
12.960313755503556,0.19372895270353682,-0.13923138220696463,9.183265293352727,0.18044154133499474
6.1214467028361,0.03517793591199468,1.1580806808590367,1.5160170988243284,0.18964567626878925
13.821005763457435,0.18603688811298005,-0.21246528882458338,2.8515190509939363,0.3024342255558991
11.636352107606907,0.10965278538086194,0.22634100969467297,6.255161403414979,0.13658925244778777
10.474604867686335,0.0862869287136247,2.7495537550202136,6.834750756114034,0.3164274683784621
7.138715329386662,0.17547630962618474,0.16288002872145957,3.077751794844132,0.21298715271230528
8.59768192496796,0.09490090206375364,0.3050767889192194,9.701671937735878,0.1053770317350997
8.304495298497558,0.1665043763599649,0.759185069185176,3.538356792817324,0.3441025233760766
12.9116038303547,0.06058187502518168,0.6356365951637075,7.268476658147667,0.16906435964182803
14.12835409989794,0.10353613942067534,-0.9471150339196793,8.996192613550202,0.31118338509586196
11.729838932997408,0.0201658342008847,-0.578553147243194,3.750842864080282,0.10383921893951624
8.950227226991558,0.13434402224526162,-0.16163292531347806,8.038912718157897,0.12179753930336076
7.724572526254466,0.17904762269502753,1.3644010552527894,7.358270786729035,0.2038818084387794
9.673660618139131,0.13868771417369272,1.615167787345901,8.31900958667507,0.1289544537850205
8.833683351729098,0.17056690042443792,3.2985579731155124,1.858232159870564,0.172255901168762
9.265440208912635,0.11035618463636886,2.2829735981932644,1.2647691128705818,0.23554335679572408
7.83633225995729,0.10009130904105767,0.5403616809336285,3.8534926208657834,0.277151122895424
14.623263859984004,0.0821196788994982,0.003013835975012702,0.7762024622058084,0.23086739051420405
9.079300093770941,0.12700669764810646,0.2634698608668449,6.695465096324945,0.2943982284170492
11.90760387487275,0.036592579780824634,2.957150354075225,2.3296437377630697,0.14339535216821456
11.450709801958343,0.06288387040463835,-0.3975033737489446,9.507566286903707,0.2665254460366148
7.9038026109314306,0.1839127203157134,2.312216267154819,9.277339616403928,0.3393427038937848
12.81475496847683,0.1822361753154955,2.5019895994819095,0.6569048148252737,0.22904202681804814
11.950172742634589,0.13170731146159925,2.7913938598570813,8.207840219424124,0.29621028549970685
9.207954901201553,0.16105007939056148,-0.04571584093094394,8.178565912068095,0.3350423211941457
10.041722595303067,0.04389639211320048,1.26479410358501,4.040844408765759,0.21065870699402084
7.290914286223607,0.09171671805169276,3.484779721918936,1.3280181772378707,0.25430659928841537
14.06530396885797,0.09909980509575743,-0.8464276202246113,5.9150521302318895,0.2996578633914394
14.991939102566663,0.1637427121942444,2.18894289453557,9.978562199033243,0.2906458004751078
6.315794882960236,0.12183470585525741,0.5865989653371759,9.68294078180756,0.27861721462644634
13.116711136866154,0.022685555548240702,3.720058396295215,3.3056996831198155,0.19408490957894725
6.830736735111223,0.16863763667805615,1.6538000984927401,5.031113086753399,0.1644429526553523
6.509451341955178,0.05117278597817959,2.2142986771033533,3.994475021322723,0.2898104761879897
7.245535750988736,0.07766977022837132,3.0098179462906804,2.0446569801302674,0.2473295197050907
13.690238517654793,0.05920813555951679,3.5054890378673482,8.400847049822412,0.3337167024062867
14.895873946166077,0.08383012960971194,2.697837017794364,7.110561375742311,0.12318040779919232
6.941627506276987,0.19780522414743754,3.395521220519406,2.1695678540945726,0.11205540387843684
11.173246912897,0.07518104289389452,-0.6119540158891827,2.447500058923265,0.24148245007346825
7.0771697540647,0.15814178739790175,2.5587420468164637,3.4614181675881524,0.23781279411784118
6.035720555276676,0.027845542191550957,3.1587867956805233,0.2853133916389792,0.2576710835179976
13.229810784465318,0.05593390334590262,2.8297193894496884,7.480377359587749,0.30612838036950485
11.235850524605707,0.14221404278821512,3.0518082885545885,0.03031520298379692,0.23449395457164307
6.733504338535158,0.09566013240865952,1.2019005734076678,0.9035568689208228,0.15919061526964612
12.507677266892404,0.1190627948807404,3.4345917206558036,7.965687893904777,0.1472260848735255
7.588661247034795,0.08877298759000096,0.8971173995358201,9.36045397036536,0.18326807284277105
14.676084449509602,0.1119224130173523,0.41819348254268784,7.7093796840420055,0.3198615651282256
9.78918029979331,0.19605449874005906,1.487231469491757,6.446436871576284,0.32771728852011056
10.099644685867476,0.039432943580290564,3.3150637979165705,5.784385073918534,0.1260052493424139
9.944761642789809,0.05748771171049383,2.458957617990299,6.3831308358706496,0.3246377170337646
8.416594253322298,0.1559113267978541,1.7521617968664924,0.13244224346814348,0.2860627589614906
10.563193099347174,0.10269118208631595,1.85504874765813,0.3666881551259771,0.15674501997574258
12.307134989431983,0.05051998716828537,0.9546746236247219,1.7527712886810418,0.20847100977540706
12.402673338276086,0.14635206109635607,1.0148422340545848,4.514354751307058,0.10175125120233681
6.597426212283075,0.040426413951272985,3.903055741399437,2.926692444495438,0.2005655330018268
10.841885990498714,0.07691011065347649,-0.46858432413450346,0.48722830140538415,0.11639212515453522
10.266052843619864,0.025306755267841024,2.037688265592451,5.150218307683917,0.30987355071201916
13.642951990874135,0.18157374875820304,0.13384516254404089,5.478814991705409,0.34104090376775187
9.49726251970919,0.08690263720419154,3.9790176348358797,1.0738819392474324,0.1853725731845769
14.42995327238815,0.1448709192255446,3.800330275910624,1.1725610054548894,0.15339891155326887
8.111433282409093,0.13075883817883244,1.0861162107689606,6.788203750065533,0.22473202939744236
10.32661219927739,0.1433677407723842,0.3975273385648299,0.8521464088141932,0.1784022385579619
11.3837383135527,0.0717716518360102,2.3793905808072204,4.737540138248964,0.195206853090158
7.36847253608817,0.11886683541064678,-0.7525693210693698,8.855475800457395,0.21898553059832687
10.903838276735687,0.047998426063722975,1.3476621254722385,6.043563379819835,0.11474211515249047
12.583214648707159,0.1490538348197498,-0.5380316385245228,4.221669236267905,0.2827480747464514
8.047936342514049,0.09253531639888922,3.786270813143722,1.4281607478759022,0.17335640715694967
14.461424454956752,0.15101908942327444,2.437507263445736,8.720733220263966,0.25524756047030167
14.356413422558903,0.03222916414675544,2.114727432229871,9.04115096686824,0.24343169494412636
13.930974179963947,0.10754664228501046,0.09777692223115841,2.2335172460662274,0.27438063326860607
14.254900418979613,0.06408934853339586,0.825244739450391,7.899270556822978,0.22598612838844398
9.02444560371727,0.03329581563709613,1.1370842535406367,5.391503473507089,0.19178760556476854
12.205638705288703,0.18797086046749634,3.8908435679882523,8.611836726026803,0.2648648353443196
8.693540379125734,0.12601379452152814,3.121154954050448,2.788797846259785,0.13895747488135696
7.459901342798554,0.1770736829464626,2.9259519716992224,4.372138302388501,0.10926922236358096
6.70034566088093,0.05278735698153833,-0.8778763092842701,9.421895790010932,0.1761144984779024
9.562632101238139,0.13667446707625322,-0.7482462061343116,5.269722582369268,0.14829082599306956
8.760955873425303,0.15995443125162578,-0.43012891055267366,7.680091800779159,0.25084449149372123
10.663600163989262,0.15410537704821342,0.7033451495283127,7.535917169998404,0.2170450256529617
9.338391580967029,0.026328678775190767,3.6697517659996803,4.11717186884702,0.27054166470830776
11.124415118698622,0.19241819708428048,1.9450991499171164,1.6826381923782048,0.15150284156677102
12.05057874231278,0.17269416721718336,-0.9722346410631524,6.534113043955694,0.16223323782602989
8.444391784229966,0.17301322583405385,1.5500622549893315,1.920674361204412,0.13396306713703626
10.99325054762665,0.10515523149963252,1.7115121049860358,9.892987461627797,0.11983402028934594
10.188283898049166,0.12289418676190257,3.2372621349507043,5.627240927336869,0.30452379387629
13.340339222467215,0.15159075751947212,-0.05235382199966443,7.073334205520117,0.14206445655085836
8.170100201149422,0.04199020535680233,1.8409099327961025,2.663218090852677,0.26019531393947815
13.092763343524886,0.08048336223807484,0.4536405917531301,5.539421071049988,0.33090288212828967
6.253369602715945,0.06874669898264148,2.0634630953659814,4.9168517809067955,0.3139051084456327
11.564808730392894,0.1905069160251509,-0.29123302814895513,8.54231181806686,0.22077116645193778
7.7039571232317785,0.19950841974416963,2.8726321285338154,3.618065910184475,0.20621339109334175
12.734791228827635,0.1650251316729649,2.6006172893167405,6.104877334939457,0.3210639952828048
13.44491809118372,0.11506981181846554,1.4461375066314242,3.1932780354265775,0.13183395697047842
6.375918605242477,0.13880321958218514,0.6652958035294501,4.603942409210501,0.19773866646574934
13.882744240761598,0.0736731101040003,-0.659778239548175,3.2096993511109395,0.24944532219482188
10.694487615056378,0.06695560879991698,1.9829569844351922,2.5348587986816176,0.34841753749451665
13.544150454091103,0.06531178988516465,-0.321789141219034,6.945878628463364,0.34584195768068704
12.254705401091309,0.11642280457777211,0.9132149541627235,4.47270827978042,0.2811967312396224
