$N$,$\eta/s(A)$,$\eta/s(B)$,$\eta/s(C)$,$\eta/s(D)$
11.155007981292979,0.10812961989083698,0.6043871487622565,6.775852847540773,0.31869938459536473
12.12521166744873,0.0415855177974674,1.2336499510483705,7.36374684951691,0.13519868140066196
12.623547987695568,0.07586981813850262,0.2455019244383958,8.751372672191724,0.1334453330330792
11.66536531521759,0.044303756729266425,-0.8659793806313831,3.5856089003198073,0.16526152663981256
7.710262211440773,0.10294429114356395,3.3428153194269328,5.334718776637085,0.1279494015446517
14.09033406048564,0.18945604672650418,0.6857286651567822,8.183000232683584,0.2601342100937713
6.301179586875517,0.15977559861876328,3.65895758940687,3.824563940020721,0.16692738787997227
8.268922577562211,0.020748836971574234,2.664628696180282,8.210912567123794,0.12878678447651604
10.955711315748637,0.13190515592355748,2.9057875872788363,6.242408160160624,0.33050356142551757
10.599417445100618,0.05181345947954198,1.6623801175789632,8.373416167102611,0.17999966348324203
9.611595609653145,0.02880843581866084,3.112447134028593,5.6150640208764555,0.32464627449901307
14.191605958352431,0.07118832092523528,2.7510436880141693,3.107696518042613,0.1376983754183318
7.969154069855037,0.1791791065038784,3.4935092315117613,5.082966089060738,0.21276305838109216
9.073170315370966,0.021137847068351527,3.6784753196868563,0.9520771801271805,0.2544372673730374
13.012626148376153,0.16480153781095083,-0.5162141374629128,0.01931256719193867,0.11435601730837358
12.807187735675466,0.1097642547076615,3.140211706157605,9.224675165422836,0.3472350866418685
7.850046978226375,0.12707741326504987,1.262873846665813,8.345940363108866,0.21230184769355295
8.825905159077656,0.03273543835293427,0.7885481575753124,7.836224754599007,0.14598643856975418
13.218083243754235,0.17535506456807165,1.6407776542994443,6.1993380142836205,0.11206836491817655
14.143770444425877,0.11714895167861268,-0.4076809902467152,0.16088556464420148,0.26409957295400344
10.703044796386717,0.18163257988588483,-0.2281404383166038,3.434952319119377,0.29294586205546913
14.525140162423288,0.14743803512205478,1.4113068257220474,9.363790832094072,0.1834921020741116
7.902316377155272,0.02536809234892474,1.1597500207192404,4.2280624076101665,0.32833244458600025
14.340044243950377,0.18558812496829405,0.46144677066527007,0.5278426569375126,0.14047773117399026
11.000881076758063,0.19510472123359932,2.5917460827717558,5.017456776169787,0.1992790298644199
10.93266087972396,0.1335767993151573,3.4488847818910005,5.696032240336056,0.10718615396245941
13.422718360359413,0.049648948084984774,1.185859355246408,1.1987324999813476,0.2246223758737112
7.03753672002737,0.16300545945470557,3.584959661325697,2.929841201380474,0.22954988031719287
13.487280301259439,0.054820941981245874,3.7469602828363486,3.9928640392857826,0.32945673238961704
6.751948446470739,0.1114050765545818,-0.8221347241802581,1.946575547776894,0.27632740201785083
10.727224474776074,0.08370734856496359,2.207826771469433,4.636069048438239,0.20443022672869812
10.005816958208172,0.143306397943622,-0.5689077468893936,7.938473266303083,0.10824874771088086
8.860173743917645,0.0703111254937278,-0.18807807079400285,8.135181762168063,0.32051471049808483
14.918023278218831,0.15736392263318585,0.3588762523580171,3.8736096845303667,0.30124365962322064
8.351189413516293,0.09049724043420322,0.08220444731261112,9.176623634487616,0.23214300339615088
13.98249037162775,0.056588069559139545,2.974556424183273,3.3615908924753404,0.2752249509033905
7.283710707073449,0.1772525651234891,3.3810479743431614,8.050638960853625,0.20633415698880694
9.188931724858168,0.022242210743069278,1.6898341322905894,7.161815285535137,0.10042913076317105
12.217540391207649,0.1713602113953542,0.007000689393061199,6.7470276398574995,0.2000535497466133
11.099270681823018,0.1309608642921831,2.1408435216348085,1.098015997460928,0.28924664700350244
7.2397058293913465,0.12839819166142447,2.0996692550339033,5.381360014394413,0.15325285926972548
7.2001966312791765,0.10247086293742473,0.42423636761126793,8.706204234110086,0.3388217911129743
6.714148301391809,0.0337359313222767,0.5784353400873488,2.39101963558235,0.1045673020785255
14.623467804082502,0.03470950862335505,1.961197887083236,5.14223506883819,0.2702018133572607
13.881221033065692,0.14291805544113323,2.3123399781921026,2.0188982279851686,0.30876242972426227
6.207160573076979,0.03532433294112556,2.25667253231458,9.427316160326725,0.24366311160204665
13.42715817637562,0.08175491042352406,2.526030887005292,1.9976849367731828,0.3497055779206679
14.434200105474122,0.0675876918535601,2.9879079343903356,4.724568544331152,0.29863968189486767
11.92218374730001,0.1621118529893536,3.3023471297639464,5.501005883184103,0.12195027822981627
14.586196588549745,0.04332192335077756,0.9074038679674699,2.0651232981896994,0.2501069556713287
9.584600650110447,0.08975663786319786,0.05736456547765245,0.713093006967048,0.17744102313377658
8.983459299632315,0.17336659271611904,3.508176456006332,6.028462444197964,0.33516751325843164
7.679437392371923,0.08565714735171982,3.707440346870685,5.755806987942166,0.1821660528007147
8.190663143918401,0.03662059466676694,1.5791279280633161,4.379445265748937,0.22365609714438034
7.535250934201039,0.1763923864595201,1.8378249532296742,5.858999365327257,0.11738113424116862
7.5784645907480614,0.13260786032691627,2.461551845208175,1.388546230251164,0.27878134672659033
9.263565158821534,0.0532704513776093,0.2781492113922075,6.620207483098054,0.2909327228913602
11.219072215331229,0.18869901252264584,-0.481418548893221,0.4779267256619626,0.21762181177522502
8.556483776227997,0.02683164210081842,1.8629150215083978,0.3996220228278168,0.1593486254126868
7.385463604676769,0.08670054736118192,3.2700545944315476,3.018310374562758,0.15513227000116972
12.11952011429957,0.12403486272728398,-0.9046158313893606,5.81874722957658,0.16053557777333727
13.7045960943098,0.19806536484807172,0.8689968883142674,3.7322350739005743,0.3228819233105983
6.059371208619434,0.16999444833353056,-0.34887096976281584,6.680205928861456,0.15857974778154935
12.76327186476951,0.1044674067121022,-0.8376784457679638,0.6753640362616004,0.14856526413389765
14.651701244327466,0.18226317817264517,0.10296615339637283,4.018494862240295,0.21459911080888344
14.272613476819622,0.05765665885594773,-0.016683547907012874,3.794082845717706,0.15049245539494224
6.3174214859871265,0.15459420631363519,-0.9639403925377069,6.9730135851996735,0.28206540756518506
14.685059383735053,0.1123309302984793,2.3330924499095564,8.279674952903642,0.3487410857958959
13.141904616080563,0.043685718828444596,1.7195204006222884,3.684057576355104,0.26619005379089694
8.954021695521732,0.0844412006597922,2.562765610873948,3.4657529318719544,0.2479275261897528
11.747382821412334,0.10598777264181727,3.2751555302942457,1.039175074817683,0.18507403658891597
11.554674449611241,0.12775956226573257,3.1709409139279003,7.519111274446665,0.18701526180939923
10.35981924275863,0.0979295714663337,3.0627180736097133,1.343052215864109,0.30538010628359713
6.38391030743424,0.1532712549269091,3.649259288147203,8.933174307738861,0.2555575094264293
11.223686995406446,0.049892964288803986,1.3732128292160675,8.883073232685103,0.3408085138424561
8.0110107900143,0.0917717489953779,-0.3012099233229364,9.261009083373985,0.15192009534558965
12.469139017235571,0.060925998979938875,0.5131000755731168,6.540102435091209,0.2568186255650031
9.854299858795677,0.1523723435496437,2.01784103165551,1.8598761559823218,0.18770917242381618
10.24615240504853,0.10077562671759632,1.6224676765192019,6.441301710706893,0.17415843509295187
6.50297787749938,0.15546705984276243,2.8721876130414463,0.3391138950368208,0.11808228629059644
9.200303900271276,0.0966694415712642,1.1097516360620943,7.654630949483679,0.1439541080786623
13.335149570167626,0.06329994153827062,0.49301708885714834,2.957738591302868,0.3153974031143858
10.215592814459988,0.08825124106099341,-0.7390263101745255,1.6142847825238817,0.24687648678079846
8.913225939867875,0.12000078864679743,1.0076474228687258,1.249941373895834,0.2951084901269297
11.397978183211482,0.19702666269365898,-0.6987104485932718,7.333948516509552,0.10257550006520147
6.464482419213798,0.1482068832249973,3.4683412271632985,7.490987808639257,0.21737192897112073
12.02763623803805,0.16889117434636744,1.5398710283885024,2.249036371695024,0.1903814501992177
12.917786730463797,0.07371060165438642,0.816383970790699,8.569226016066377,0.2022023609860762
7.638882489833309,0.023911116442154,0.21183666454587957,9.91552499915381,0.13087680986029676
7.12831800472331,0.08214800973741569,1.0587954726712434,6.118120942369484,0.2634395251339775
8.752721212000154,0.05135375815563947,0.39811290053684645,6.561808126769948,0.2715349379759464
9.531035060888279,0.12244129827379213,1.2024432633158932,4.291188230881052,0.3063086608307298
11.404965376311473,0.06484842769343772,1.4784991935494052,8.448877999613387,0.11359741413631178
12.390569887069212,0.19566284521673516,2.508503161513796,0.7866112227599764,0.10932645344784897
8.734946682721752,0.19079381259156625,3.8890644492427846,5.990538437082652,0.3118065151401036
14.321653919914002,0.16343609005676285,2.8150001746840068,1.7367325693920748,0.28506695614101707
12.271132407834518,0.09831212594730988,2.8253494094066487,9.884144170356663,0.24584980941142992
10.422954682458101,0.04172138345793343,0.9888912384164796,6.491866695631643,0.26642491657764894
9.130273591799126,0.1665184067058038,-0.9917731672640498,4.819831593483347,0.3032332915520348
12.729351007672129,0.0717382954159293,0.6359344353482896,4.947938290919377,0.14139153591725664
12.570640884070897,0.04858060434747287,0.5631248738626198,6.268659706384616,0.18417679858791386
7.320378845743244,0.16842229917507304,2.2453566877920097,7.627783234748855,0.13942065357573957
7.435525610367463,0.14938021153304773,0.6551118408048735,4.489156102595693,0.31270917435317236
8.647236591256574,0.14478064710264654,0.7684599397822918,2.6642146812498386,0.19859690938977131
8.480297148174719,0.1513844939069917,0.1840595773951732,0.5559669880494125,0.20516220661787762
7.791159444740098,0.02736940044328107,-0.0985499397532823,2.6075757115268,0.27273334428897944
8.239782878362469,0.07747534595842856,-0.11431984139417839,9.552421898107463,0.23807959638382437
10.10778282226888,0.13765953719825924,0.15748596076787713,2.532981055943859,0.27414700576587203
8.66857319723389,0.07931341495679375,2.484056585465626,0.8236475376937635,0.1759370612974861
10.003050362818136,0.13932925705891136,0.7173235518882364,6.875664573427008,0.2698681758393162
11.593606428665375,0.08080109436849217,1.930389432771598,5.912803950064256,0.3083320201375484
6.936891249135539,0.16516585684914312,3.7578409702852724,0.06608018907096805,0.3377685222416842
12.964171780559926,0.02290171888736194,-0.2569308287887798,0.6059229844036835,0.14302297183707868
7.524024582797283,0.09637744122994751,0.43009102456057335,9.526655237558186,0.19222985988292285
10.672845692238852,0.17801704015240286,2.4499175029061173,2.5927640938124235,0.21076782890680384
13.84041983775705,0.029683351280119948,-0.353298773903441,0.23530509104927444,0.11550357854232529
8.148931441376396,0.19346894708221193,1.3262512749289286,6.833808794809099,0.3436644433444952
12.37848772088417,0.13825317521267622,0.32607992726625024,7.950098316142016,0.3450615964755974
6.658058724584173,0.18752955620285977,2.7087862027808125,5.243288753293108,0.22094887523490123
10.281260107376315,0.06517805057215736,3.540176437180225,7.008580556948189,0.28348487304453696
8.400428098774121,0.18054222300863024,3.7972912229212685,1.26690145226758,0.31038283467715433
6.820469558670694,0.14159084701609465,0.5456616667668241,3.3267140557466264,0.20967164777502945
14.883943100337879,0.19895903495561876,-0.4705498938560846,9.47169755471186,0.12260865507778806
9.938527474291522,0.03855835800604239,1.0814237912845988,4.873800695977503,0.31712106994259726
6.43702211234231,0.09217119201830279,3.9885223337641342,3.6442833611662007,0.33141023467501846
11.833104316030457,0.10845225819435868,3.2113392145347275,1.6614484921479797,0.15626632348509714
7.83154568175925,0.1703805006030446,1.0305283613411138,4.338531590943844,0.1022520199456145
9.811415319952172,0.11404140904690416,3.0343025168249715,8.990715535722398,0.2618244448188557
13.620941528279154,0.12981374706048504,-0.6202455230081063,9.054395842908352,0.20352425003950725
10.878177754748906,0.025832446143221797,3.5691981624105527,2.8998242043751397,0.23375881908997564
10.08770752534611,0.03025459045723018,2.625884856058282,1.5662564489967632,0.11084507242533588
13.074909590449646,0.11843788236789496,2.931466608426231,1.465586852521433,0.1495520433987023
12.881095469118888,0.13698937066788627,-0.9425565315280455,0.4103531758838396,0.3047197590722319
8.061937669363783,0.11310881016617003,3.9006578490073007,3.9065220502013025,0.226401194519022
13.531234382411318,0.17444713685858734,3.8069357390883516,4.761342612411125,0.1624167333037478
12.568626516696527,0.04068325566671714,1.7933289705378228,3.177729137760133,0.25366078261814123
8.073966031302643,0.1406086790460169,-0.04400307710061302,9.042621769018922,0.31924176705972085
13.311370294891995,0.12604496045155947,-0.5876330185579686,1.7582172678849963,0.24193482353774812
14.763923134090094,0.10102255032249996,3.023174864773008,4.516664968819119,0.28471614062245254
13.788799861333356,0.13476801351137838,-0.07333581357814445,8.634629408230822,0.3221969978534165
9.870199045135887,0.07993133302824904,-0.5395444416629802,5.2816131202841525,0.23946299731660295
9.69240988283133,0.03715121006264094,1.2884711009703125,9.3377822743559,0.23362978685016977
14.832058479170625,0.19946011108028497,1.9184273225804196,8.04214302069854,0.2871462166025018
11.691999122846388,0.03219727320508663,2.1886177356929597,2.4795046448589266,0.15414157551951357
10.468823793427903,0.08647895249906472,2.692440602975526,4.675804108516622,0.17005692843694764
12.523947554607602,0.11976475585228166,2.0439600572786856,6.937460560212898,0.12465153076890725
9.384797511751298,0.06181273799937566,2.3738889816168256,9.148437843843682,0.28047339392764004
6.575894372909417,0.14685719525975663,3.181666440958235,3.0703018943610894,0.17179269362608113
10.396768946947148,0.17236182544547815,0.2662554295667596,1.8213142430251748,0.33422405449440734
8.2980757711914,0.09390776743087688,3.235636303199856,7.59909529737572,0.22868563633273228
12.30562882444471,0.1797198745094639,-0.4260158420863811,4.4166792201941405,0.19579398650449914
10.839897324180296,0.15182001261252523,1.5106267393017112,3.2462546221412865,0.10541328414538749
12.058806957397087,0.19421039307692636,2.052986311491181,8.674439569420532,0.23557076285949594
9.290048052256793,0.12458872268849065,-0.3777812748240984,2.8284386630180802,0.2400923064613219
11.471867253146296,0.0552965556467194,-0.8932774053705868,7.418499833340633,0.19265426139725425
13.27614377915307,0.1228435966099005,2.2936867572452906,0.2741880581260628,0.13493887522787767
14.024163740267952,0.12135103069907298,2.390914673129557,1.4435382287324292,0.2913958821302034
9.028638869461108,0.12944263743296805,1.1493092922861434,1.1442873949907915,0.26764648038632377
11.534710202275825,0.16720073028070356,0.736402573085603,8.814765209444557,0.3262506591437523
8.573989958334238,0.04564299648554441,1.4524022722168235,9.697974611234162,0.2311111657413303
13.680285889677652,0.058771525168709274,0.8882920393954696,9.753486550336902,0.21911048397343544
14.186564057155405,0.059765702272422366,0.9311500175491352,2.1105658031680514,0.17791627569338156
8.445836165173588,0.14535200981151283,-0.6351690950162547,7.8584423964566525,0.2991082827985747
14.786634187716018,0.07401189530108865,3.9258685220176677,5.722395114380028,0.11917513899982102
6.044208285477327,0.06619890607071229,1.8228872778931824,2.416571128693243,0.2938381183717721
6.959093948859898,0.10535189168464722,0.13167292948177534,2.737845182172029,0.12692150389974316
10.569603865275084,0.05367969633098861,-0.7682310138154951,6.345465610030989,0.1252325052147533
9.335386424545625,0.11001496494104382,2.4055692666188775,5.18981754596328,0.2876971634800938
13.034736147943022,0.15778812413452034,3.9624666938028907,4.136774106276757,0.19681320508914146
9.48036173807132,0.161006586525312,1.3751397207574496,1.5497711889129338,0.1948403937730607
13.16939055714586,0.1871187305541509,-0.27838165353174205,5.566111029840276,0.3419740792875191
11.763949493855165,0.1161165522306283,2.740254832325769,0.8902633913351794,0.1681178070583052
12.204174326784813,0.15866084057929916,3.859776481771725,6.350670798273513,0.1894694464888909
11.333970473923573,0.15645268822050942,-0.1717031157915897,8.526090198468493,0.1473286293152118
11.891515542724495,0.106966883781229,2.6244337603509984,9.836760377944492,0.3372806303225779
13.755624794262868,0.04711421493048844,0.969571713958004,7.246039579927635,0.16878528448876917
7.104603648512526,0.07812677977890269,3.826323783601314,7.290007527082984,0.24379908089310603
6.225965620439072,0.09295572747691748,0.3155453748452326,7.783998205521482,0.16494913870327027
6.118292343657036,0.0993947639319378,-0.7801361382767478,3.256352549624824,0.24955900848172055
11.045625267654845,0.0694310812929166,-0.14101852146153004,4.563456561392977,0.22502825814890715
14.46292413626587,0.14980527287026402,-0.20740673532115306,4.161824170103001,0.2154465544720593
10.533134444619577,0.1829499487517765,0.83171249512817,2.284786011847038,0.13128172287277987
9.6803227117228,0.08874145099116228,2.1159835991152613,2.3416981562935595,0.2515419405170458
7.472252014303315,0.11720307130192688,0.04242162853900622,4.9531578457850785,0.16353481102396014
13.587278399889119,0.1916774003587668,-0.6680755630839489,2.75581077193796,0.13674478281358632
9.447786088417475,0.09522627812364001,1.4375364735915803,0.9115377255076931,0.22179625430710193
13.94253369780892,0.06809957505852407,3.423466642612511,7.1484734040202085,0.33282954555582944
11.304186108792496,0.058178735616625774,3.0793646243026886,2.190400547018103,0.29646852571211857
6.8062397982590035,0.19227547537918405,2.7943925398208385,9.746557309052518,0.2581633811289211
14.973249313121357,0.06306138963552355,1.5675782417192594,5.403462554879395,0.1801433451218895
7.010861534561381,0.18574147631281754,1.8769715066051655,9.991372504822131,0.1732673149978752
6.15428813642083,0.031273941959955566,1.9766321700086875,3.5040144761725567,0.2595366737751257
6.893682664919525,0.046952583487628916,2.875829335254773,4.080832163648673,0.3144537807325788
6.593658876592925,0.18395003819213515,3.604468109156386,0.11128695989178856,0.34473940064119235
12.677415070436012,0.13524767954392125,-0.7159293609897237,5.459199427449699,0.12060994247927781
14.41044911020725,0.13977535364159538,2.1660053668801402,7.069786819158028,0.3254343436027157
10.182807013835784,0.07513104002130332,1.7662967720694756,9.635828568000184,0.30242029638201984
9.7566917747165,0.11504347578401507,1.7343021101337857,7.7166656128233715,0.2082538391244868
10.792673930757639,0.0730767990438114,3.3705935452167886,6.081547204200003,0.27863338369487783
11.96868375269085,0.039340825654040124,1.3193619936383292,8.487396751426676,0.23744350079835083
